1 1.3648494184017181
2 1.32588030397892
3 1.152885526418686
4 1.2668816149234772
5 1.240821897983551
6 1.234901338815689
7 1.1084786802530289
8 1.1876598596572876
9 1.2406251579523087
10 1.20369054377079
11 1.2218915671110153
12 1.21781687438488
13 1.173009380698204
14 1.1485078483819962
15 1.1640155911445618
16 1.2396255284547806
17 1.139171451330185
18 1.1822901368141174
19 1.1520228907465935
20 1.0691424906253815
21 1.1802112758159637
22 1.138448178768158
23 1.1689709424972534
24 1.1329549551010132
25 1.1101287305355072
26 1.1265306919813156
27 1.1682293564081192
28 1.1108250692486763
29 1.1655722260475159
30 1.1144172847270966
31 1.1695628315210342
32 1.2467893660068512
33 1.1305943801999092
34 1.181321069598198
35 1.1243650317192078
36 1.1887719631195068
37 1.1499800980091095
38 1.1079812049865723
39 1.1160900443792343
40 1.0560215413570404
41 1.1442395821213722
42 1.108974128961563
43 1.1546582579612732
44 1.1003762781620026
45 1.1284172981977463
46 1.1112260818481445
47 1.1186910271644592
48 1.1052394360303879
49 1.0955103039741516
50 1.1151769906282425
51 1.0650014132261276
52 1.122824564576149
53 1.1155080646276474
54 1.0946761816740036
55 1.1071591526269913
56 1.1224248856306076
57 1.1157885566353798
58 1.0937633216381073
59 1.0119294226169586
60 1.1101142168045044
61 1.108677864074707
62 1.0878141671419144
63 1.0783892422914505
64 1.1600423157215118
65 1.1211612671613693
66 1.1207024455070496
67 1.084986537694931
68 1.13789664208889
69 1.1487442702054977
70 1.1685514450073242
71 1.086093708872795
72 1.2265918105840683
73 1.0277068763971329
74 1.064754381775856
75 1.0816458687186241
76 1.1635151356458664
77 1.0778068155050278
78 1.1150015890598297
79 1.1483239829540253
80 1.1871961802244186
81 1.1206450164318085
82 1.1421319395303726
83 1.1323002874851227
84 1.149500846862793
85 1.0123423784971237
86 1.0604039132595062
87 1.125246912240982
88 1.1165433675050735
89 1.0783938243985176
90 1.1163285598158836
91 1.0776439681649208
92 1.1302898451685905
93 1.1063103526830673
94 1.068742923438549
95 1.0993828102946281
96 1.142723187804222
97 1.0763439163565636
98 1.0805958658456802
99 1.1018699705600739
100 1.09727431088686
